p
0 link       00ffff 80d010 ea9e22 994e00
1 reds       00ffff b53120 ea9e22 fffeff
2 itemblues  00ffff 1412a7 9290ff fffeff
3 tpaper     00ffff fffeff f7d8a5 994e00
4 tleaves    00ffff 333500 0c9300 bcbe00
5 twater     00ffff fffeff b3f3cc 9290ff
6 tlogo      00ffff 994e00 fcd8a8 000000
7 trocks     00ffff 000000 666666 adadad
8 overworld  000000 994e00 f7d8a5 4240ff
9 dungeon    000000 00404d 007c8d 48cdde
10 hudheart  000000 b53120 ea9e22 fffeff
11 hudbomb   000000 fffeff 666666 4240ff
12 hudrupee  000000 b53120 ea9e22 feccc5
13 itemroom  000000 666666 adadad fffeff
14 zora      00ffff 000000 007c8d b53120
15 zol       00ffff 004f08 fffeff 45e082
16 aquament  00ffff 004f08 88d800 fffeff
17 gleeok    00ffff 5ce430 0c9300 00404d
18 gannon    00ffff 48cdde b53120 b5ebf2
19 eblue     00ffff 002a88 64b0ff fffeff
20 ashpile   00ffff ea9e22 6c0600 b53120
end

s

//01
2 2 2 2 2 2 0 0 0 0 1 1 1 1 1 1
0 0 0 0 0 0 0 0 0 2 2 2 2 2 2 2
0 0 0 0 0 0 0 0 0 0 0 0 0 0 0 0
5 5 5 5 5 5 5 5 5 5 5 5 5 5 5 5
5 5 5 5 5 5 5 5 5 5 5 5 5 5 5 5
5 5 5 5 5 5 5 5 5 5 4 4 4 4 4 3
4 4 4 4 4 4 4 4 1 1 1 1 3 3 3 3
3 3 3 3 3 3 3 3 3 3 3 3 3 3 3 3
3 3 3 3 3 3 3 3 3 3 3 3 3 3 3 3

//02
6 6 6 6 6 6 6 6 6 6 6 6 6 6 6 6
6 6 6 6 6 6 6 6 6 6 6 6 6 6 6 6
6 6 6 6 6 6 6 6 6 6 6 6 6 6 6 6
6 6 6 6 6 6 6 6 6 6 6 6 6 6 6 6
6 6 6 6 6 6 6 6 6 6 6 6 6 6 6 6
6 6 6 6 6 5 5 5 6 6 6 6 6 6 6 6
6 6 5 7 7 7 7 7 7 7 7 7 7 7 7 7
7 4 4 4 4 4 4 5 5 5 5 5 7 7 7 5

//03
0 0 0 0 0 0 0 0 0 0 0 0 0 0 0 0
0 0 0 0 0 0 0 0 0 0 0 0 0 0 1 1
0 0 1 1 1 1 1 1 0 0 0 0 1 1 1 1
1 1 1 1 2 2 0 0 0 0 0 0 1 1 0 1
1 1 1 1 1 1 1 1 1 1 2 2 1 1 1 1
1 1 1 1 0 0 0 0 0 0 0 0 1 1 1 1
0 0 1 1 1 1 1 1 1 1 1 1 0 0 1 1

//04
11 11 11 11 11 11 11 11 11 11 11 11 11 11 11 11
11 11 11 11 11 11 11 11 11 11 11 11 11 11 11 11
11 11 11 11 11 11 11 11 11 11 11 11 11 11 11 11

//05
11 10 0 10 10 10 11 1 11 11 11 11 11 11 13 10
10 10 10 9 12 10 10 13 11 10 10 10 11

//06
9 9 9 9 9 9 9 9 9 9 9 9 9 9 9 9
9 9 9 9 9 9 9 9 9 9 9 9 9 9 9 9
9 9 9 9 9 9 9 9 9 9 9 9 9 9 9 9
9 9 9 9 9 9 9 9 9 9 9 9 9 9 9 9
9 9 9 9 9 9 9 9 9 9 9 9 9 9 9 9
9 9 9 9 9 9 9 9 9 9 9 9 9 9 9 9
9 9 9 9 9 9 9 9 9 9 9 9 9 9 9 9
9 9

//07
10 10 10 10 10 10 10 10 10 10 10 10 10 10 10 10

//08
8 8 8 8 8 8 8 8 8 8 8 8 8 8 8 8
8 8 8 8 8 8 8 8 8 8 8 8 8 8 8 8
8 8 8 8 8 8 8 8 8 8 8 8 8 8 8 8
8 8 8 8 8 8 8 8 8 8 8 8 8 8 8 8
8 8 8 8 8 8 8 8 8 8 8 8 8 8 8 8
8 8 8 8 8 8 8 8 8 8 8 8 8 8 8 8
8 8 8 8 8 8 8 8 8 8 8 8 8 8 8 8
8 8 8 8

//09
12 12 12 12 12 12 12 12 12 12 12 12 12 12

//10
1 1 1 1 1 1 1 1 1 1 1 1 1 1 0 0
0 0 1 1 1 1 1 1 1 1 1 1 1 1 1 1
1 1 1 1 1 1 1 1 1 1 1 1 1 1 1 1
1 1 1 1 1 1 1 1 1 1 1 1 1 1 1 1
1 1 1 1 1 1 1 1 1 1 1 1 1 1 1 1
1 1 19 19 19 19 19 19 19 19 1 1 1 1 14 14
14 14 1 1 1 1 1 1 1 1 1 1 1 1 1 1
1 1 1 1 0 0 0 0 19 19 19 19 15 15 15 15
1 1 1 1 1 1 1 1 1 1 1 1 1 1 1 1
1 1 1 1 1 1 1 1 1 1 1 1 1 1 15 15
15 15 19 19 19 19 19 19 19 19 19 19 19 19 19 19
19 19 19 19 19 19 1 1 1 1 15 15 15 15 19 19
1 1 19 19 19 19 19 19 1 1 1 1 1 1 1 1
1 1 1 1 19 19 19 19 1 1 1 1 1 1 1 1
1 1 1 1 1 1 1 1 16 16 16 16 16 16 16 16
16 16 16 16 16 16 16 16 16 16 16 16 1 1 1 1
1 1 1 1 1 1 1 1 1 1 1 1 1 1 1 1
1 1 1 1 1 1 1 1 1 1 1 1 1 1 1 1
1 1 1 1 1 1 1 1 17 17 17 17 17 17 17 17
17 17 17 17 17 17 17 17 17 17 17 17 17 17 17 17
17 17 17 17 17 17 1 1 19 19 19 19 19 19 19 19
19 19 19 19 19 19 1 1 1 1 1 1 1 1 1 1
1 1 1 1 1 1 1 1 18 18 18 18 18 18 18 18
18 18 18 18 18 18 18 18 18 18 18 18 18 18 18 18
18 18 18 18 18 18 18 18 18 18 18 18 18 18 18 18
1 1 20 20 20 20 1 1 0 0 1 1 1 1 0 0
19 19 19 19 1 1 1 1 1 1 1 1 1 1 1 1
end
