//castlevania
p
0 spr_tbat          00ffff 994e00 561d00 666666
1 spr_tc            00ffff 5ce430 666666 adadad
2 bg_tlogo          000000 6c0600 3b00a4 5ce430
3 bg_tcastle        000000 fffeff 388700 994e00
4 bg_tc             000000 5ce430 666666 adadad
5 bg_tkonamilogo    000000 adadad b71e7b ea9e22
6 spr_simon         00ffff ea9e22 f7d8a5 561d00
7 spr_purple        00ffff c676ff fbc2ff 000000
8 spr_red           00ffff b53120 fe6ecc 000000
9 spr_blue          00ffff f7d8a5 155fd9 000000
10 spr_endcastle    00ffff 000000 fe8170 000000
11 bg_1_wall        000000 adadad 666666 994e00
12 bg_1_window      000000 002a88 388700 0b4800
13 bg_1_curtain     000000 adadad b53120 fe6ecc
14 bg_1_door_life   000000 fffeff fe8170 b53120
15 bg_endtrees      000000 004f08 fe8170 e8c8ff
16 bg_endmountain   000000 00404d 9290ff e8c8ff
17 bg_endtreemtn    000000 00404d 666666 004f08
18 bg_endfont       000000 000000 adadad e8c8ff
19 bg_2_wall        000000 b53120 6e0040 666666
20 bg_2_arch        000000 b53120 6e0040 002a88
21 bg_2_block       000000 994e00 6e0040 002a88
22 bg_2_stainglass  000000 7527fe ea9e22 b71e7b
23 bg_3_wall        000000 388700 9290ff 002a88
24 bg_3_block       000000 994e00 0b4800 fe8170
25 bg_3_stair_cstl  000000 ea9e22 fe8170 002a88
26 bg_4_pitbrick    000000 994e00 666666 6e0040
27 bg_4_wall        000000 561d00 002a88 155fd9
28 bg_4_block       000000 fffeff fe8170 b53120
29 bg_4_stair_wtr   000000 002a88 994e00 adadad
30 bg_4_shrub       000000 002a88 561d00 008f32
31 bg_5_wall        000000 666666 adadad fffeff
32 bg_5_block       000000 666666 9290ff ea9e22
33 bg_5_grate       000000 adadad 666666 6e0040
34 bg_6_wall        000000 002a88 666666 adadad
35 bg_6_mossywall   000000 002a88 666666 5ce430
36 bg_6_block       000000 00404d 6b6d00 ea9e22
37 bg_7_purpblock   000000 6c0600 fe8170 a01acc
38 bg_7_mossywall   000000 666666 002a88 5ce430
39 bg_7_moon        000000 666666 002a88 ea9e22
40 bg_intromoon     000000 155FD9 EA9E22 00404D
41 bg_introwall     000000 994E00 666666 6E0040
42 bg_introgate     000000 B53120 6C0600 00404D
end

s
//01
0 0 0 0 0 0 0 0 0 0 0 0 0 0 0 0
0 0 0 0 0 0 0 0 0 0 0 0 0 0 0 0
0 0 0 0 0 0 0 0 0 0 0 0 0 0 0 0
0 0 0 0 0 0 0 0 0 0 0 1 1 1 1 1
1 1 1 1 1 1 1 1 1 1 1 1 1 1 1 1
1 1 1 1 1 1 1 1 1 1 1 1 1 1 1 1

//02 bg_title
2 2 2 2 2 2 2 3 2 2 2 3 3 3 2 2
3 2 2 2 2 2 2 2 2 2 2 2 2 2 2 2
2 2 2 2 2 2 2 2 2 2 2 2 2 2 2 2
2 2 2 2 2 2 2 2 2 2 2 2 2 2 2 2
2 2 2 2 2 2 2 2 2 2 2 2 2 2 2 2
2 3 2 2 2 2 2 2 2 2 2 2 2 2 2 2
3 3 3 3 2 2 2 2 2 3 3 3 3 2 2 5
2 2 2 2 2 2 2 3 2 2 3 3 3 3 2 5
2 2 2 2 2 2 2 3 2 2 2 5 5 5 5 5
2 2 2 2 2 2 2 3 2 2 2 5 5 5 5 5
2 2 2 2 2 2 2 3 2 5 5 5 5 5 5 5
2 2 2 2 2 2 2 2 2 5 5 5 5 5 5 5
4 4 4 4 4 4 4 4 4 4 4 4 4 4 4 4
4 4 4 4 4 4 4 4 4 4 4 4 4 4 4 3
3 3 3 3 3 3 3 3 3 3 3 3 3 3 3 3
3 3 3 3 3 3 3 3 3 3 3 3 3 3 3 3

//03
6 6 6 6 6 6 6 6 6 6 6 6 6 6 6 6
6 6 6 6 6 6 6 6 6 6 6 6 6 6 7 7
7 7 6 6 7 7 7 7 6 6 6 6 6 6 7 7
7 7 6 6 6 6 6 6 6 6 6 6 6 6 6 6
8 8 6 6 6 6 7 7 7 7 9 9 6 6 6 6
8 8 9 9 9 9 7 7 7 7 8 8 8 8 6 6
8 8 8 8 8 8 8 8 8 8 7 7 7 7 6 6
8 8 6 8 7 7 9 9 7 7 7 7 7 7 7 7
7 7 7 7 7 7 7 7 7 7 7 7 8 8 8 8
8 8 8 8 8 8 8 8 8 8 8 8 8 8 7 7
8 8 8 8 8 8 8 8 8 8 8 8 8 8 8 8
8 8 8 8 8 8 8 8 8 8 8 8 8 8 8 8
8 8 8 8 8 8 8 8 8 8 8 8 8 8 8 8
8 8 8 8 8 8 8 8 8 8 8 8 8 8 8 8
7 7 7 7 7 7 7 7 7 7 7 7 7 7 7 7
7 7 7 7 7 7 7 7 7 7 7 7 7 7 7 7

//04 bg_1 (r2c14@11)(r4c8@11)(r3c13@33)
11 11 12 11 11 11 12 11 12 11 12 12 11 11 11 11
12 12 12 11 11 11 12 12 11 12 11 11 11 13 11 11
11 11 11 11 11 11 11 11 11 11 12 11 11 12 11 11
11 13 13 13 12 12 13 13 11 11 11 11 12 12 11 11
12 13 12 12 13 13 13 11 11 11 12 11 11 11 11 11
11 13 13 13 13 11 13 11 11 11 11 11 11 11 12 11
11 11 14 11 14 11 11 14 11 11 11 11 11 11 11 11
12 11 11 11 8 8 8 8 8 8 8 8 11 11 11 11
11 11 11 11 8 8 8 8 9 9 9 9 11 11 11 11

//05
8 8 8 8 8 8 8 8 8 8 9 9 8 8 8 8
9 9 9 9 9 9 9 9 8 8 8 8 9 9 9 9
6 6 6 6 9 9 7 7 7 7 9 9 9 9 8 8
8 8 8 8 9 9 9 9 9 9 9 9 9 9 9 9
16 10 10 10 10 10 10 10 10 10 10 10 10 10 10 10
10 10 10 10 10 10 10 10 16 10 16 10 16 10 10 10

//06 bg_end
15 16 15 15 15 15 15 15 16 16 16 16 16 16 15 15
16 15 15 15 15 15 15 15 16 16 16 16 16 16 15 15
16 15 15 16 16 16 16 16 16 16 16 16 16 16 15 15
16 15 15 16 16 16 16 16 16 16 16 16 16 16 15 15
17 17 16 15 15 16 16 16 16 16 16 16 16 16 15 15
16 15 16 15 16 16 16 16 16 16

//07
18 18 18 18 18 18 18 18 18 18 18 18 18 18 18 18
18 18 18 18 18 18 18 18 18 18 18 18 18 18 18 18
18 18 18 18 18 18 18 18 18 18 18 18 18 18 18 18
18 18 18 18 18 18 9 9 9 9 8 8 7 7 7 7
9 9 9 9 8 8 8 8 8 8 9 9 9 9 9 9
9 9 9 9 9 9

//08 bg_hud
3 3 3 3 3 3 3 3 3 3 14 14 14 3 14 14
3 3 3 3 3 3 3 3 3 3 3 3 3 3 3 3
14 3 3 3 3 3 3 3 3 3 8 8 8 8 8 8
13 13 13 13 13 13 13 13 13 13 13 13 13 13 13 13
13 13 13 13 13 13 13 13 13 13 13 13 13 13 13 13
13 13 13 13 13 13 13 13 13 13 13 13 13 13 13 13

//09
7 7 7 7 7 7 7 7 7 7 7 7 7 7 7 7
7 7 7 7 7 7 7 7 8 8 8 8 8 8 8 8
8 8 8 8 8 8 8 8 6 6 6 6 6 6 6 6
7 7 7 7 7 7 7 7 7 7 7 7 7 7 6 6
6 6 6 6 6 6 6 6 8 8 8 8 6 6 6 6
7 7 7 7 7 7 7 7 7 7 7 7 7 7 7 7
9 9 9 9 9 9 9 9 7 7 7 7 7 7 7 7
9 9 9 9 9 9 9 9 9 9 9 9 9 9 9 9
9 9 9 9 9 9 9 9

//10 bg_2 (r2c4@14)(r2c7@14)(r7c6@21)
19 19 19 19 19 19 19 19 19 19 19 19 22 14 14 22
19 19 19 19 19 19 19 19 19 20 20 20 14 14 14 14
19 19 19 20 20 20 19 19 19 20 20 20 20 14 14 20
20 20 20 20 20 20 20 19 19 19 19 19 14 14 14 14
19 19 19 19 20 19 19 19 19 19 19 19 14 14 14 22
19 19 19 19 19 19 19 19 19 19 19 19 19 19 19 19
19 19 14 19 14 21 21 14 21 21 19 19 19 19 19 19
19 19 19 19 14 14 14 14 19 19 19 19 19 19 19 19
19 19 19 19 19 19 19 19 19 19 19 19 19 19 19 19

//11
8 8 8 8 8 8 8 8 7 7 7 7 7 7 7 7
7 7 7 7 7 7 7 7 7 7 7 7 7 7 7 7
7 7 7 7 7 7 7 7 8 8 8 8 8 8 8 8
8 8 8 8 8 8 8 8 8 8 8 8 8 8 8 8
7 7 7 7 7 7 7 7 7 7 7 7 7 7 7 7
7 7 7 7 7 7 7 7 7 7 7 7 7 7 7 7
7 7 7 7 7 7 7 7 7 7 7 7 7 7 7 7
7 7 7 7 7 7 7 7 7 7 7 7 7 7 7 7
7 7 7 7 7 7 7 7

//12 bg_3 (r2c2@26)(r1c4-5@24)(r2c4-5@24)
23 25 23 24 24 24 24 23 25 25 23 23 25 25 25 25
23 23 23 24 24 24 24 25 25 25 23 23 25 25 25 25
23 23 23 24 24 24 24 24 25 25 23 23 23 23 25 25
23 23 23 23 23 24 24 24 25 25 23 23 25 23 23 25
24 24 23 23 23 23 23 23 23 23 23 23 25 25 23 23
24 23 23 23 23 23 23 23 23 23 23 23 25 25 23 23
23 25 23 23 23 23 23 23 24 24 24 24 23 23 23 23
24 24 23 23 23 23 23 23 23 23 23 23 23 23 23 23
24 24 23 23 23 23 23 23 23 23 23 23 23 23 23 23

//13
7 7 7 7 7 7 7 7 7 7 7 7 7 7 7 7
7 7 7 7 7 7 7 7 7 7 7 7 7 7 7 7
7 7 7 7 7 7 7 7 7 7 7 7 7 7 7 7
7 7 7 7 7 7 7 7 7 7 7 7 7 7 7 7
7 7 7 7 7 7 7 7 7 7 7 7 7 7 7 7
7 7 7 7 7 7 7 7 7 7 7 7 7 7 7 7
7 7 7 7 7 7 7 7 7 7 7 7 7 7 7 7
7 7 7 7 7 7 7 7 7 7 7 7 7 7 7 7
7 7 7 7 7 7 7 7

//14 bg_4 (r3c1@29)(r3c3@29)(others@28)
27 27 27 29 29 28 28 28 27 28 28 28 28 28 28 28
26 27 26 26 27 27 27 27 27 27 27 28 28 27 27 28
26 27 26 26 27 27 27 29 29 27 27 27 28 28 28 27
29 29 29 27 27 27 30 29 29 29 27 27 28 28 28 27
30 30 27 27 27 27 29 29 29 29 27 27 30 28 28 30
29 29 27 27 29 29 30 30 29 29 30 30 30 30 30 30
28 28 27 28 27 28 28 27 28 28 28 28 29 29 29 29
29 29 29 29 27 27 27 27 27 27 27 27 29 29 29 29
29 29 29 29 27 27 27 27 27 27 27 27 29 29 29 29

//15
7 7 7 7 7 7 7 7 7 7 7 7 7 7 7 7
7 7 7 7 7 7 7 7 7 7 7 7 7 7 7 7
7 7 7 7 7 7 7 7 7 7 7 7 7 7 7 7
7 7 7 7 7 7 7 7 7 7 7 7 7 7 7 7
7 7 7 7 7 7 7 7 7 7 7 7 7 7 7 7
7 7 7 7 7 7 7 7 7 7 7 7 7 7 7 7
7 7 7 7 7 7 7 7 7 7 7 7 7 7 7 7
7 7 7 7 7 7 7 7 7 7 7 7 7 7 7 7
7 7 7 7 7 7 7 7 7 7 7 7 7 7 7 7
7 7 7 7 7 7 7 7 7 7 7 7 7 7 7 7
7 7 7 7 7 7 7 7 7 7 7 7 7 7 7 7
7 7 7 7 7 7 7 7

//16 bg_5 (r6c3@32)(r4c15@32)(r6c15@33)(r6c16@33)(r9c1-4@33)
31 31 31 31 31 31 32 31 31 31 14 14 31 31 31 31
31 31 31 31 32 32 32 31 31 14 14 14 31 31 31 31
31 31 31 31 31 31 31 31 14 14 31 31 31 31 31 31
32 31 31 31 31 31 31 31 31 31 31 31 32 31 31 33
32 32 32 32 31 31 31 31 31 31 31 31 31 31 31 33
32 32 31 31 31 31 31 31 31 31 31 31 14 31 31 31
32 32 31 31 31 31 31 31 32 32 31 31 31 31 31 31
33 33 33 33 31 31 31 31 31 31 31 31 14 14 31 31
31 31 31 31 31 31 31 31 31 31 31 31 14 14 31 31

//17
7  7  7  7  7  7 7 7 7 7 7 7 7 7 7 7
7 7 7 7 7 7 7 7 7 7 7 7 7 7 7 7
7 7 7 7 7 7 7 7 7 7 7 7 7 7 7 7
7 7 7 7 7 7 7 7 7 7 7 7 7 7 7 7
7 7 7 7 7 7 7 7 7 7 7 7 7 7 7 7
7 7 7 7 7 7 7 7 7 7 7 7 7 7 7 7
7 7 7 7 7 7 7 7 7 7 7 7 7 7 7 7
7 7 7 7 7 7 7 7 7 7 7 7 7 7 7 7
7 7 7 7 7 7 7 7

//18 bg_6 (r3c3@35)(r9c16@35)(r1-5c10@36)(r8c13-14@35)
34 34 34 36 34 34 36 36 34 34 36 36 34 34 34 34
34 34 34 34 34 34 36 36 34 34 36 36 34 34 34 34
34 34 34 34 34 34 34 34 34 34 36 36 34 34 34 34
34 34 35 35 35 35 34 36 36 34 36 36 34 34 34 34
34 34 34 34 34 34 34 36 36 34 36 36 34 34 34 34
36 36 36 34 34 34 34 34 34 34 34 36 36 34 34 34
36 36 34 34 34 36 34 34 36 36 36 36 36 36 34 34
36 36 36 34 34 34 34 34 34 34 34 34 36 36 34 34
36 36 36 34 34 34 34 34 34 34 34 34 36 36 36 36

//19
8 8 8 8 8 8 8 8 9 9 9 9 9 9 9 9
9 9 9 9 9 9 9 9 9 9 9 9 9 9 9 9
9 9 9 9 9 9 9 9 9 9 9 9 9 9 9 9
9 9 9 9 9 9 9 9 9 9 9 9 9 9 9 9
9 9 9 9 9 9 9 9 9 9 9 9 8 8 8 8
8 8 8 8 8 8 8 8 8 8 8 8 8 8 8 8
8 8 8 8 8 8 8 8 8 8 8 8 8 8 8 8
8 8 8 8 8 8 8 8 8 8 8 8 8 8 8 8
8 8 8 8 7 7 8 8

//20 (r1c3@39)(r1c6@39)(r6c16@39)
38 38 38 38 38 38 38 38 38 38 39 38 39 14 14 39
38 14 38 38 38 39 39 39 14 14 14 14 39 39 39 39
38 38 39 39 39 39 39 39 39 39 14 14 39 39 14 39
39 39 39 39 39 39 39 39 14 39 14 39 39 39 38 38
39 39 39 39 39 39 39 39 14 14 14 39 14 39 38 38
39 39 39 39 39 39 14 39 14 14 14 39 39 38 38 38
37 37 39 39 39 37 37 39 39 39 39 39 39 39 39 38
39 39 39 39 39 39 39 39 39 39 39 39 39 39 38 38
39 39 39 39 39 39 39 39 39 39 39 39 39 39 39 39

41 41 41 41 41 41 41 41 41 41 41 41 41 41 41 41
41 41 41 41 41 41 41 41 41 7 7 7 7 7 7 7
7 7 41 41 41 41 41 41 41 41 41 41 41 41 41 41
41 41 41 41 41 41 41 41 41 41 41 41 41 41 41 41
41 41 41 41 41 41 41 41 41 41 41 41 41 41 41 41
41 41 41 41 41 41 41 41 41 41 41 41 41 41 41 41
41 41 41 41 41 41 41 41 41 41 41 41 41 41 41 41
41 41 41 41 41 41 41 41 41 41 41 41 41 41 41 41
41 41 41 41 41 41 41 41 41 41 41 41 41 41 41 41

//21
7 7 7 7 7 7 7 7 7 7 7 7 7 7 7 7
7 7 7 7 7 7 7 7 7 7 7 7 7 7 7 7
7 7 7 7 7 7 7 7 7 7 7 7 7 7 7 7
7 7 7 7 7 7 7 7 7 7 7 7 7 7 7 7

//14
7 7 7 7 7 7 7 7 7 7 7 7 14 7 7 7
7 7 7 7 7 7 7 7 7 7 7 7 7 7 7 7
7 7 7 7 7 7 7 7 7 7 7 7 7 7 7 7
7 7 7 7 7 7 7 7 7 7 7 7 7 7 7 7
7 7 7 7 7 7 7 7 7 7 7 7 7 7 7 7
7 7 7 7 7 7 7 7 7 7 7 7 7 7 7 7

//14
6 6 6 6 6 6 8 40 8 40 7 7 7 7 7 7
7 7 6 6 40 14 40 40 40 40 40 40 40 40 42 42
42 41 41 41 40 40 40 40 40 40 40 40 40 40 41 42
42 41 41 41 40 40 40 40 42 42 42 42 40 40 41 41
42 42 41 40 40 40 40 40 40 40 40 40 40 40 40 40
40 40
end