//1942
p
0 spr_player     00ffff fe8170 fffeff adadad
1 spr_redenem    00ffff fffeff bcbe00 b53120
2 spr_grayenem   00ffff b53120 adadad 666666
3 spr_greenenem  00ffff b53120 88d800 0c9300
4 bg_carrier     1412a7 adadad 666666 000000
5 bg_water       1412a7 4240ff fffeff fffeff
6 bg_land         1412a7 0c9300 005200 000000
7 bg_desert      1412a7 f7d8a5 0c9300 005200
8 bg_title       000000 fffeff 88d800 0b4800
9 bg_landhouse   1412a7 4240ff 0c9300 000000
end

s
//01
0 0 0 0 0 0 0 0 0 0 0 0 0 0 0 0
0 0 0 0 0 0 0 0 0 0 0 0 0 0 0 0
0 0 0 0 0 0 0 1 1 1 1 1 3 3 3 1
1 1 1 0 0 0 0 0 0 0 0 0 0 0 0 0
2 2 2 2 2 2 2 2 2 2 2 2 2 2 2 2
2 2 1 1 1 1 1 1 1 1 1 1 1 1 1 1
1 1 1 1 1 1 1 1 0 0 0 0 3 3 3 1
3 3 3 3 3 3 3 3 3 3 3 3 3 3 3 3
3 3 3 3 3 3 3 3 3 3 3 3 3 3 3 3
3 3 3 3 3 3 3 3 3 3 3 3 3 3 3 3
3 3 3 0 0 0 0 0 0 0 0 0 0 0 0 3
3 3 3 3 3 3 3 3 3 3 3 3 3 3 3 3
3 3 3 3 3 3 3 3 3 3 3 3 3 3 3 3
1 1 1 1 1 1 1 1 1 1 1 1 1 1 1 1
1 1 1 1 1 1 1 1 1 1 1 1 1 1 1 1
0 0 0 0 0 0 0 0 0 0 0 0 0 0 0 0
//
- - - - - - - - - - - - - - - -
- - - - - - 0 0 - 6 7 9 9 6 7 4
4 4 4 4 4 4 4 4 4 4 4 4 4 4 4 -
4 4 4 4 4 4 4 4 4 4 4 4 4 4 4 4
4 4 4 4 4 4 4 4 4 4 4 4 4 4 4 4
6 6 6 6 6 6 6 6 6 6 6 6 6 6 6 6
6 6 6 6 6 6 6 6 6 6 7 7 7 7 7 7
6 6 6 6 6 6 6 6 6 6 9 9 9 9 9 9
6 6 6 6 6 6 6 6 6 6 6 6 6 6 6 6
7 7 7 7 7 7 7 - 7 7 7 7 7 7 7 7
7 7 7 7 7 7 7 7 7 7 7 7 7 7 7 7
7 7 7 7 7 7 7 7 7 7 7 7 7 7 7 7
8 8 8 8 8 4 7 7 7 7 9 9 9 9 5 5
8 8 8 8 8 8 8 8 8 8 8 8 8 8 8 8
8 8 8 8 8 8 8 8 8 8 8 8 8 8 8 8
8 8 8 8 8 8 8 8 8 8 8 8 8 8 8 -
end
