p
0  biker      00ffff fffeff b53120 000000
1  track      88d800 ea9e22 6b6d00 feccc5
2  tracknum   1412a7 1412a7 1412a7 fffeff
3  hud        000000 9290ff 000000 fffeff
4  bleachers  88d800 ea9e22 9290ff fffeff
5  trophy     1412a7 fffeff fffeff ea9e22
6  star       1412a7 000000 fffeff 64b0ff
end

s
//01
0 0 0 0 0 0 0 0 0 0 0 0 0 0 0 0
0 0 0 0 0 0 0 0 0 0 0 0 0 0 0 0
0 0 0 0 0 0 0 0 0 0 0 0 0 0 0 0
0 0 0 0 0 0 0 0 0 0 0 0 0 0 0 0
0 0 0 0 0 0 0 0 0 0 0 0 0 0 0 0
0 0 0 0 0 0 0 0 0 0 0 0 0 0 0 0
0 0 0 0 0 0 0 0 0 0 0 0 0 0 0 0
0 0 0 0 0 0 0 0 0 0 0 0 0 0 0 0
0 0 0 0 0 0 0 0 0 0 0 0 0 0 0 0
0 0 0 0 0 0 0 0 0 0 0 0 0 0 0 0
0 0 0 0 0 0 0 0 0 0 0 0 0 0 0 0
0 0 0 0 0 0 0 0 0 0 0 0 0 0 0 0
0 0 0 0 0 0 0 0 0 0 0 0 0 0 0 0
0 0 0 0 0 0 0 0 0 0 0 0 0 0 0 0
0 0 0 0 0 0 0 0 0 0 0 0 0 0 0 0
0 0 0 0 0 0 0 0 0 0 0 0 0 0 0 0

//02
3 3 3 3 3 3 3 3 3 3 3 3 3 3 3 3
3 3 3 3 3 3 3 3 3 3 3 3 3 3 3 3
3 3 3 3 3 3 6 6 1 1 1 1 1 1 1 1
4 4 4 4 4 4 4 4 4 4 3 1 1 1 4 4
1 1 6 6 6 6 1 1 1 1 1 3 3 3 1 1
1 1 5 5 5 5 1 1 1 1 3 3 3 3 1 1
1 1 1 1 1 1 1 1 1 1 3 3 3 1 1 1
1 1 1 1 1 1 1 1 1 2 3 3 3 1 1 1
1 1 1 1 1 1 1 1 1 1 3 3 3 1 1 1
1 1 1 4 4 4 4 4 6 6 6 6 6 6 6 6
6 6 6 6 6 6 6 6 6 6 6 6 6 6 6 6
3 3 3 3 3 3 3 3 3 1 1 1 1 1 1 1
1 1 1 1 1 1 1 1 1 1 1 1 1 1 1 1
1 1 1 1 1 1 1 1 1 1 1 1 1 1 1 1
1 1 1 1 1 1 1 1 1 1 1 1 1 2 2 2
2 2 3 3 3 3 3 3 3 3 3 3 3 3 3 3
end
