//smb1
p
0 spr_mario       00ffff b53120 ea9e22 6b6d00
1 spr_fire        00ffff b53120 fffeff ea9e22
2 spr_turtle      00ffff 0c9300 fffeff ea9e22
3 spr_goomba      00ffff 000000 ffcec5 9c4a00
4 spr_squid       00ffff 636363 fffeff adadad
5 bg_cloud        9290ff fffeff 63adff 000000
6 bg_mushroomplat 9290ff ea9e22 b53120 000000
7 bg_pipe         9290ff 8cd600 109400 000000
8 bg_stone        9290ff ffcec5 9c4a00 000000
9 bg_coin         9290ff ea9e22 9c4a00 000000
10 bg_dunbrick    000000 fffeff adadad 636363
11 bg_dunbridge   000000 fffeff b53120 636363
12 bg_dunaxe      000000 ea9e22 9c4a00 636363
13 bg_waterblock  9290ff bdf4ab 109400 000000
14 bg_seaweed     9290ff b5217b 4242ff ff6bce
15 bg_watercoin   9290ff ea9e22 4242ff 000000
end

s
//01
0 0 0 0 0 0 0 0 0 0 0 0 0 0 0 0
0 0 0 0 0 0 0 0 0 0 0 0 0 0 0 0
0 0 0 0 0 0 0 0 0 0 0 0 0 0 0 0
0 0 0 0 0 0 0 0 0 0 0 0 0 0 0 0
0 0 0 0 0 0 0 0 0 0 0 0 0 0 0 0
1 1 1 1 1 1 1 1 0 0 0 1 0 0 0 0
1 1 1 1 1 1 1 1 1 2 2 2 2 2 2 2
3 3 3 3 1 1 1 1 1 1 1 1 2 2 2 2
3 3 3 3 3 3 3 3 2 2 2 2 2 1 1 1
0 0 0 0 1 1 1 1 1 1 1 1 1 1 0 0
2 2 2 2 2 2 2 2 2 2 3 3 3 3 3 3
3 3 1 1 1 1 2 2 2 2 2 2 2 2 2 2
2 2 2 2 2 2 2 2 2 2 2 2 2 1 1 1
1 2 2 2 2 2 1 1 1 2 1 1 4 4 4 4
2 2 2 2 1 2 2 3 3 3 3 2 2 2 2 3
1 1 1 1 3 3 1 1 1 1 1 1 1 1 1 3

//02
5 5 5 5 5 5 5 5 5 5 5 5 5 5 5 5
5 5 5 5 5 5 5 5 5 5 5 5 5 5 5 5
5 5 5 5 5 5 5 5 5 5 5 5 6 6 6 7
7 7 7 7 7 5 5 5 5 5 5 5 5 7 8 8
8 5 8 8 8 8 8 8 8 8 8 7 7 7 7 7
7 7 8 9 9 9 9 8 8 8 8 8 8 10 10 8
7 7 7 7 7 7 7 7 7 7 7 6 6 6 6 6
6 6 6 6 6 8 8 11 8 11 8 12 12 12 12 10
8 13 13 13 13 7 7 7 7 7 7 7 7 7 7 7
7 7 7 7 7 7 8 8 8 8 8 8 8 8 8 9
8 8 8 8 14 9 9 9 9 8 8 8 8 8 8 5
5 5 5 5 8 8 8 8 7 7 7 7 7 7 8 8
7 8 15 15 15 15 8 8 8 8 8 8 8 8 8 5
8 8 8 8 8 8 8 8 8 8 8 8 8 8 8 8
8 8 8 8 8 8 8 8 8 14 14 14 8 8 8 8
8 8 8 8 8 8 8 8 8 8 8 8 8 8 8 8
end
